testInput = [+0.00000000000, +0.59246595850, -0.09473434550, +0.19134171620, +1.00000000000, +0.41741971280, +0.35355339060, +1.25529310650, +0.86602540380, +0.46193976630, +1.31947921690, +1.18278657760, +0.50000000000, +1.18278657760, +1.31947921690, +0.46193976630, +0.86602540380, +1.25529310650, +0.35355339060, +0.41741971280, +1.00000000000, +0.19134171620, -0.09473434550, +0.59246595850, -0.00000000000, -0.59246595850, +0.09473434550, -0.19134171620, -1.00000000000, -0.41741971280, -0.35355339060, -1.25529310650, -0.86602540380, -0.46193976630, -1.31947921690, -1.18278657760, -0.50000000000, -1.18278657760, -1.31947921690, -0.46193976630, -0.86602540380, -1.25529310650, -0.35355339060, -0.41741971280, -1.00000000000, -0.19134171620, +0.09473434550, -0.59246595850, +0.00000000000, +0.59246595850, -0.09473434550, +0.19134171620, +1.00000000000, +0.41741971280, +0.35355339060, +1.25529310650, +0.86602540380, +0.46193976630, +1.31947921690, +1.18278657760, +0.50000000000, +1.18278657760, +1.31947921690, +0.46193976630, +0.86602540380, +1.25529310650, +0.35355339060, +0.41741971280, +1.00000000000, +0.19134171620, -0.09473434550, +0.59246595850, +0.00000000000, -0.59246595850, +0.09473434550, -0.19134171620, -1.00000000000, -0.41741971280, -0.35355339060, -1.25529310650, -0.86602540380, -0.46193976630, -1.31947921690, -1.18278657760, -0.50000000000, -1.18278657760, -1.31947921690, -0.46193976630, -0.86602540380, -1.25529310650, -0.35355339060, -0.41741971280, -1.00000000000, -0.19134171620, +0.09473434550, -0.59246595850, +0.00000000000, +0.59246595850, -0.09473434550, +0.19134171620, +1.00000000000, +0.41741971280, +0.35355339060, +1.25529310650, +0.86602540380, +0.46193976630, +1.31947921690, +1.18278657760, +0.50000000000, +1.18278657760, +1.31947921690, +0.46193976630, +0.86602540380, +1.25529310650, +0.35355339060, +0.41741971280, +1.00000000000, +0.19134171620, -0.09473434550, +0.59246595850, +0.00000000000, -0.59246595850, +0.09473434550, -0.19134171620, -1.00000000000, -0.41741971280, -0.35355339060, -1.25529310650, -0.86602540380, -0.46193976630, -1.31947921690, -1.18278657760, -0.50000000000, -1.18278657760, -1.31947921690, -0.46193976630, -0.86602540380, -1.25529310650, -0.35355339060, -0.41741971280, -1.00000000000, -0.19134171620, +0.09473434550, -0.59246595850, -0.00000000000, +0.59246595850, -0.09473434550, +0.19134171620, +1.00000000000, +0.41741971280, +0.35355339060, +1.25529310650, +0.86602540380, +0.46193976630, +1.31947921690, +1.18278657760, +0.50000000000, +1.18278657760, +1.31947921690, +0.46193976630, +0.86602540380, +1.25529310650, +0.35355339060, +0.41741971280, +1.00000000000, +0.19134171620, -0.09473434550, +0.59246595850, -0.00000000000, -0.59246595850, +0.09473434550, -0.19134171620, -1.00000000000, -0.41741971280, -0.35355339060, -1.25529310650, -0.86602540380, -0.46193976630, -1.31947921690, -1.18278657760, -0.50000000000, -1.18278657760, -1.31947921690, -0.46193976630, -0.86602540380, -1.25529310650, -0.35355339060, -0.41741971280, -1.00000000000, -0.19134171620, +0.09473434550, -0.59246595850, +0.00000000000, +0.59246595850, -0.09473434550, +0.19134171620, +1.00000000000, +0.41741971280, +0.35355339060, +1.25529310650, +0.86602540380, +0.46193976630, +1.31947921690, +1.18278657760, +0.50000000000, +1.18278657760, +1.31947921690, +0.46193976630, +0.86602540380, +1.25529310650, +0.35355339060, +0.41741971280, +1.00000000000, +0.19134171620, -0.09473434550, +0.59246595850, +0.00000000000, -0.59246595850, +0.09473434550, -0.19134171620, -1.00000000000, -0.41741971280, -0.35355339060, -1.25529310650, -0.86602540380, -0.46193976630, -1.31947921690, -1.18278657760, -0.50000000000, -1.18278657760, -1.31947921690, -0.46193976630, -0.86602540380, -1.25529310650, -0.35355339060, -0.41741971280, -1.00000000000, -0.19134171620, +0.09473434550, -0.59246595850, -0.00000000000, +0.59246595850, -0.09473434550, +0.19134171620, +1.00000000000, +0.41741971280, +0.35355339060, +1.25529310650, +0.86602540380, +0.46193976630, +1.31947921690, +1.18278657760, +0.50000000000, +1.18278657760, +1.31947921690, +0.46193976630, +0.86602540380, +1.25529310650, +0.35355339060, +0.41741971280, +1.00000000000, +0.19134171620, -0.09473434550, +0.59246595850, +0.00000000000, -0.59246595850, +0.09473434550, -0.19134171620, -1.00000000000, -0.41741971280, -0.35355339060, -1.25529310650, -0.86602540380, -0.46193976630, -1.31947921690, -1.18278657760, -0.50000000000, -1.18278657760, -1.31947921690, -0.46193976630, -0.86602540380, -1.25529310650, -0.35355339060, -0.41741971280, -1.00000000000, -0.19134171620, +0.09473434550, -0.59246595850, -0.00000000000, +0.59246595850, -0.09473434550, +0.19134171620, +1.00000000000, +0.41741971280, +0.35355339060, +1.25529310650, +0.86602540380, +0.46193976630, +1.31947921690, +1.18278657760, +0.50000000000, +1.18278657760, +1.31947921690, +0.46193976630, +0.86602540380, +1.25529310650, +0.35355339060, +0.41741971280, +1.00000000000, +0.19134171620, -0.09473434550, +0.59246595850, +0.00000000000, -0.59246595850, +0.09473434550, -0.19134171620, -1.00000000000, -0.41741971280, -0.35355339060, -1.25529310650];
